              precision    recall  f1-score   support

           0     0.9798    0.9908    0.9853       980
           1     0.9878    0.9956    0.9917      1135
           2     0.9806    0.9816    0.9811      1032
           3     0.9696    0.9782    0.9739      1010
           4     0.9778    0.9868    0.9823       982
           5     0.9787    0.9776    0.9781       892
           6     0.9874    0.9812    0.9843       958
           7     0.9833    0.9767    0.9800      1028
           8     0.9763    0.9713    0.9738       974
           9     0.9879    0.9683    0.9780      1009

    accuracy                         0.9810     10000
   macro avg     0.9809    0.9808    0.9808     10000
weighted avg     0.9810    0.9810    0.9810     10000
