              precision    recall  f1-score   support

           0     0.9769    0.9939    0.9853       980
           1     0.9947    0.9877    0.9912      1135
           2     0.9835    0.9797    0.9816      1032
           3     0.9606    0.9891    0.9746      1010
           4     0.9916    0.9562    0.9736       982
           5     0.9796    0.9686    0.9741       892
           6     0.9760    0.9781    0.9771       958
           7     0.9758    0.9796    0.9777      1028
           8     0.9642    0.9692    0.9667       974
           9     0.9712    0.9703    0.9707      1009

    accuracy                         0.9775     10000
   macro avg     0.9774    0.9772    0.9773     10000
weighted avg     0.9776    0.9775    0.9775     10000
