              precision    recall  f1-score   support

           0     0.9759    0.9898    0.9828       980
           1     0.9886    0.9974    0.9930      1135
           2     0.9843    0.9738    0.9791      1032
           3     0.9569    0.9881    0.9722      1010
           4     0.9717    0.9786    0.9751       982
           5     0.9752    0.9709    0.9730       892
           6     0.9873    0.9708    0.9789       958
           7     0.9824    0.9747    0.9785      1028
           8     0.9873    0.9569    0.9718       974
           9     0.9704    0.9752    0.9728      1009

    accuracy                         0.9780     10000
   macro avg     0.9780    0.9776    0.9777     10000
weighted avg     0.9781    0.9780    0.9780     10000
